59
16
1 0 0 17 
8 0 17 5 
19 0 5 9 
21 0 9 1 
8 0 1 5 
4 0 5 1 
11 0 1 17 
10 0 17 17 
15 0 17 9 
19 0 9 13 
4 0 13 13 
21 0 13 9 
12 0 9 13 
8 0 13 17 
20 0 17 17 
9 0 17 0 
5 1 0 15 
6 8 15 8 
4 19 8 21 
3 21 21 22 
10 8 22 15 
4 4 15 12 
11 11 12 10 
12 10 10 15 
21 15 15 22 
3 19 22 11 
7 4 11 14 
7 21 14 14 
11 12 14 19 
3 8 19 14 
19 20 14 10 
1 9 10 0 
5 5 0 16 
12 6 16 18 
14 4 18 3 
14 3 3 18 
4 10 18 15 
10 4 15 6 
21 11 6 7 
15 12 7 15 
12 21 15 4 
6 3 4 14 
16 7 14 22 
16 7 22 18 
19 11 18 6 
11 3 6 3 
21 19 3 10 
9 1 10 0 
5 5 0 20 
6 12 20 15 
3 14 15 3 
22 14 3 7 
21 4 7 6 
16 10 6 11 
8 21 11 12 
10 15 12 14 
10 12 14 21 
21 6 21 18 
22 16 18 4 
3 16 4 10 
10 19 10 16 
15 11 16 11 
14 21 11 12 
1 9 12 0 
5 5 0 8 
12 6 8 16 
2 3 16 7 
3 22 7 3 
2 21 3 21 
2 16 21 7 
15 8 7 20 
6 10 20 16 
19 10 16 21 
18 21 21 8 
4 22 8 4 
8 3 4 8 
21 10 8 15 
20 15 15 14 
19 14 14 8 
13 1 8 0 
13 5 0 4 
22 12 4 3 
7 2 3 12 
22 3 12 21 
2 2 21 20 
6 2 20 22 
19 15 22 20 
10 6 20 21 
6 19 21 19 
2 18 19 12 
8 4 12 12 
20 8 12 11 
6 21 11 7 
11 20 7 11 
15 19 11 6 
1 13 6 0 
5 13 0 3 
22 22 3 21 
19 7 21 8 
2 22 8 18 
14 2 18 14 
4 6 14 8 
14 19 8 20 
20 10 20 15 
6 6 15 18 
11 2 18 10 
6 8 10 19 
19 20 19 19 
21 6 19 18 
22 11 18 15 
6 15 15 15 
9 1 15 0 
13 5 0 7 
18 22 7 4 
7 19 4 20 
4 2 20 16 
10 14 16 22 
18 4 22 19 
21 14 19 7 
16 20 7 18 
20 6 18 8 
8 11 8 14 
2 6 14 12 
4 19 12 16 
20 21 16 16 
20 22 16 10 
16 6 10 14 
13 9 14 0 
13 13 0 2 
8 18 2 2 
3 7 2 3 
10 4 3 22 
11 10 22 4 
7 18 4 12 
19 21 12 14 
12 22 14 21 
15 20 21 19 
11 18 7 11 
8 2 11 3 
21 4 3 11 
22 20 11 14 
4 20 14 6 
20 16 6 18 
17 9 18 0 
17 13 0 16 
20 8 16 12 
3 3 12 20 
20 10 3 19 
3 11 19 7 
18 7 7 4 
12 19 4 15 
10 12 15 14 
21 8 14 12 
11 12 12 7 
18 20 7 18 
7 19 18 11 
11 22 11 12 
3 4 12 16 
6 20 16 7 
13 17 7 0 
13 17 0 22 
16 20 22 22 
20 4 22 7 
20 20 20 14 
21 3 14 16 
14 18 16 20 
8 16 20 10 
11 12 10 7 
16 19 7 4 
2 15 4 11 
4 8 11 19 
6 7 19 12 
2 11 12 8 
10 3 8 6 
12 6 6 18 
17 17 18 0 
1 13 0 6 
21 16 6 11 
7 15 11 19 
19 2 19 15 
20 21 15 16 
2 20 15 11 
20 8 11 16 
3 11 16 22 
3 16 15 7 
18 2 6 2 
11 18 2 14 
4 11 14 10 
10 2 10 3 
20 10 3 16 
20 12 16 2 
17 17 2 0 
1 1 0 2 
8 21 2 4 
3 7 20 2 
22 19 2 4 
2 11 4 4 
18 2 4 18 
22 20 7 11 
8 3 11 15 
12 3 15 18 
3 22 18 18 
6 11 18 6 
4 4 19 7 
16 10 7 12 
2 19 4 8 
2 20 8 22 
9 17 2 0 
1 1 0 6 
7 8 6 4 
19 3 20 15 
14 22 15 12 
8 2 12 12 
6 18 20 2 
2 22 21 22 
21 8 22 22 
10 12 22 8 
3 3 16 15 
16 10 12 10 
22 4 14 10 
11 16 10 22 
19 2 15 18 
18 2 18 22 
13 13 16 0 
13 1 0 10 
2 7 2 14 
7 19 14 16 
21 14 16 8 
15 8 19 2 
22 6 2 21 
12 2 8 14 
21 21 14 22 
6 10 22 10 
6 3 18 6 
16 16 6 7 
21 22 7 16 
19 15 2 14 
7 19 14 3 
18 18 3 12 
1 13 16 0 
0 17 0 9 
0 15 9 9 
0 7 9 9 
0 10 9 13 
0 11 13 5 
0 22 5 17 
0 15 17 5 
0 21 5 1 
0 20 1 9 
0 15 9 5 
0 4 5 9 
0 8 9 17 
0 19 17 5 
0 7 5 1 
0 18 1 5 
0 1 5 0 