13
10
1 0 0 1 
11 0 2 2 
13 0 2 1 
9 0 1 2 
12 0 2 3 
7 0 3 1 
11 0 1 4 
11 0 4 2 
6 0 2 3 
1 0 3 0 
4 2 0 8 
14 5 8 13 
6 12 13 13 
14 9 13 6 
13 12 9 13 
9 8 7 8 
12 11 14 8 
6 7 12 7 
14 6 7 7 
4 1 7 0 
4 4 0 11 
14 14 11 8 
12 6 8 9 
8 14 9 6 
6 13 6 12 
11 9 12 9 
5 12 14 14 
11 6 14 13 
10 14 13 5 
2 4 5 0 
4 4 0 12 
9 14 12 8 
9 12 8 14 
5 8 14 6 
14 6 6 12 
10 11 12 13 
11 5 13 5 
5 11 5 11 
7 10 11 10 
4 2 10 0 
3 4 0 6 
13 9 6 7 
12 9 7 5 
13 5 5 5 
8 14 5 6 
6 10 6 12 
7 11 12 9 
7 6 9 5 
7 8 5 9 
4 4 9 0 
1 3 0 8 
7 13 8 7 
10 12 7 10 
5 13 10 10 
5 8 10 11 
11 6 11 10 
13 7 10 8 
8 7 8 8 
11 7 8 10 
4 4 10 0 
2 1 0 14 
11 7 14 9 
12 10 9 6 
13 5 6 13 
14 5 13 14 
10 11 14 7 
14 13 7 10 
8 8 10 5 
5 11 5 5 
1 4 5 0 
2 2 0 6 
10 11 6 13 
12 12 13 5 
7 13 5 10 
9 14 10 11 
9 10 11 14 
13 14 14 7 
9 8 7 9 
7 5 9 11 
3 1 11 0 
1 2 0 14 
11 10 14 12 
8 12 12 10 
7 7 10 6 
10 9 6 6 
13 9 6 8 
8 13 8 6 
9 9 6 5 
12 7 5 12 
1 3 12 0 
0 1 0 4 
0 11 4 3 
0 8 3 3 
0 7 3 2 
0 10 2 1 
0 13 1 3 
0 8 3 2 
0 9 2 3 
0 12 3 3 
0 1 3 0 