207
16
1 0 0 17 
6 0 13 1 
10 0 13 1 
8 0 1 5 
19 0 9 13 
15 0 1 9 
16 0 13 13 
8 0 1 13 
20 0 5 5 
14 0 9 13 
6 0 1 1 
11 0 1 17 
8 0 13 17 
21 0 13 9 
18 0 9 17 
17 0 9 0 
13 1 0 16 
20 2 22 8 
6 2 12 14 
4 10 6 15 
22 18 4 7 
21 15 15 22 
20 11 11 7 
21 20 16 16 
2 2 20 21 
21 19 20 15 
15 6 15 15 
20 14 20 20 
8 2 12 12 
21 18 6 21 
19 14 11 12 
13 5 3 0 
5 13 0 11 
4 19 12 16 
21 3 22 22 
4 3 12 22 
14 2 18 14 
20 7 15 8 
11 18 7 19 
8 6 8 15 
12 2 8 14 
19 14 8 3 
6 18 6 12 
12 10 14 15 
14 10 16 6 
3 14 7 19 
16 2 12 20 
17 5 15 0 
17 9 0 2 
8 3 11 15 
19 3 20 10 
22 4 10 11 
7 12 11 12 
8 4 12 12 
16 8 12 6 
12 19 6 7 
21 4 7 6 
2 21 6 22 
21 21 22 14 
16 8 14 21 
2 16 21 7 
11 3 7 19 
16 20 22 22 
17 17 2 0 
1 1 0 2 
12 10 10 16 
4 19 8 21 
21 22 21 3 
16 7 3 2 
18 8 2 2 
20 16 2 4 
21 12 4 15 
10 21 15 8 
11 2 8 12 
8 21 12 14 
20 16 14 18 
20 2 18 6 
21 11 6 7 
3 18 14 4 
9 9 15 0 
13 13 0 4 
8 3 4 8 
18 4 22 19 
8 21 19 7 
16 16 7 6 
16 18 6 12 
8 20 12 16 
22 21 16 7 
16 10 7 12 
22 11 12 11 
20 8 11 16 
6 20 16 7 
18 20 7 18 
8 21 18 21 
10 2 10 3 
5 1 7 0 
5 1 0 18 
12 6 15 20 
3 18 3 14 
20 8 14 19 
10 16 19 10 
11 16 10 22 
10 8 22 15 
11 22 15 18 
22 16 18 4 
3 22 4 10 
21 20 10 6 
11 6 6 18 
22 18 18 2 
18 8 2 22 
7 11 20 22 
13 9 12 0 
5 9 0 19 
15 7 15 12 
12 3 15 18 
16 20 18 6 
3 10 6 8 
3 11 8 2 
18 10 2 11 
18 11 11 7 
14 22 7 16 
4 3 16 12 
19 21 12 14 
18 11 14 2 
20 22 2 6 
19 18 6 21 
19 10 16 21 
5 1 21 0 
13 5 0 4 
22 18 7 16 
21 12 22 3 
15 16 3 3 
7 3 3 2 
7 3 2 20 
8 18 20 6 
6 18 6 3 
22 14 3 7 
20 4 7 19 
20 19 19 19 
6 18 19 11 
22 20 11 14 
15 19 14 2 
14 10 11 4 
1 9 10 0 
5 5 0 8 
21 2 21 3 
4 21 11 3 
7 15 3 16 
4 7 16 19 
15 7 19 11 
4 8 11 19 
8 6 19 10 
4 22 10 14 
19 20 14 10 
22 20 10 16 
11 6 16 10 
8 22 10 12 
10 15 12 14 
3 10 19 21 
9 1 10 0 
13 13 0 2 
8 14 11 8 
12 4 7 18 
4 7 18 7 
4 4 7 19 
18 15 19 2 
8 4 2 19 
15 8 19 2 
4 4 2 11 
15 19 11 6 
10 22 6 10 
11 11 10 12 
21 8 12 11 
7 10 11 12 
15 18 6 6 
17 17 10 0 
17 13 0 7 
16 15 20 21 
19 12 18 2 
11 4 2 15 
10 4 15 18 
2 18 18 4 
21 8 4 2 
19 15 2 19 
2 4 19 22 
19 15 22 20 
6 10 20 16 
15 11 16 11 
14 21 11 12 
2 7 12 3 
16 14 21 3 
5 17 8 0 
5 17 0 19 
22 3 3 7 
21 19 19 6 
7 11 6 21 
12 10 21 14 
7 2 14 2 
22 21 2 22 
3 19 22 11 
20 2 11 15 
3 19 15 20 
14 6 20 4 
12 15 4 4 
8 14 4 6 
18 2 6 2 
20 10 16 8 
1 5 4 0 
9 9 0 7 
14 10 22 16 
7 21 14 14 
19 7 14 21 
22 12 21 14 
4 7 14 11 
16 22 11 3 
14 3 3 15 
10 20 15 20 
3 3 20 12 
22 14 12 15 
19 12 15 4 
4 8 4 22 
18 18 22 3 
11 6 21 16 
5 17 22 0 
17 13 0 16 
18 18 3 12 
16 14 7 19 
3 6 11 3 
22 7 4 20 
4 6 7 8 
12 10 10 15 
12 11 8 20 
20 10 3 16 
15 14 15 20 
7 18 20 16 
3 6 14 4 
4 10 16 3 
21 8 22 22 
14 8 14 19 
9 5 15 0 
0 9 0 17 
0 20 17 17 
0 21 1 9 
0 15 9 17 
0 16 5 5 
0 4 5 9 
0 18 17 17 
0 20 1 9 
0 10 9 13 
0 15 1 5 
0 22 17 13 
0 7 5 13 
0 6 13 1 
0 12 1 9 
0 8 9 17 
0 1 5 0 