29
16
1 0 0 17 
22 0 17 5 
4 0 5 1 
8 0 1 5 
15 0 5 17 
18 0 17 17 
8 0 17 5 
20 0 5 5 
16 0 5 5 
11 0 5 13 
16 0 13 1 
21 0 1 5 
15 0 5 1 
18 0 9 17 
10 0 17 17 
9 0 17 0 
5 1 0 18 
19 6 19 21 
2 4 21 8 
19 14 8 3 
11 15 3 8 
21 18 8 21 
11 14 4 7 
4 20 7 22 
7 16 22 14 
4 11 14 10 
22 16 10 14 
18 21 21 6 
15 15 6 15 
15 18 3 12 
20 10 20 15 
9 1 15 0 
9 5 0 4 
12 19 4 15 
19 2 15 18 
6 10 22 10 
11 11 10 12 
11 21 7 6 
6 11 10 16 
14 4 6 3 
3 7 3 22 
3 4 22 12 
22 3 12 21 
18 18 22 3 
20 15 3 19 
19 20 19 19 
8 20 19 14 
13 9 14 0 
13 9 0 10 
14 12 10 15 
2 19 15 19 
11 6 19 15 
4 11 15 2 
11 15 2 20 
14 6 20 4 
18 22 7 4 
8 3 4 8 
10 3 8 6 
11 22 3 19 
6 18 19 11 
8 20 11 12 
14 19 12 11 
12 8 11 2 
13 13 2 0 
13 13 0 4 
8 14 4 6 
4 21 6 7 
12 11 7 10 
22 4 10 11 
18 11 11 7 
2 14 7 2 
2 18 2 6 
7 8 6 4 
14 10 4 22 
16 11 22 10 
16 6 10 14 
21 8 12 11 
8 14 11 8 
12 12 8 4 
5 13 4 0 
13 13 0 16 
20 8 16 12 
3 4 12 16 
10 12 16 10 
21 22 22 2 
4 18 2 18 
22 2 18 8 
14 12 8 21 
16 7 21 22 
7 3 22 14 
20 16 14 18 
20 16 18 7 
14 21 7 19 
4 8 19 2 
12 12 2 8 
5 5 8 0 
5 13 0 3 
12 20 3 3 
6 3 3 11 
12 11 11 22 
14 21 22 12 
4 4 12 15 
11 22 15 18 
2 14 18 11 
11 15 11 16 
12 7 16 10 
22 20 10 16 
21 20 16 15 
2 14 15 19 
4 4 19 7 
15 12 7 15 
9 5 15 0 
13 5 0 7 
19 12 7 6 
3 6 6 18 
3 12 18 18 
3 14 18 3 
21 4 3 11 
20 11 11 7 
3 2 7 16 
6 11 16 21 
11 12 21 14 
20 22 14 11 
6 21 11 7 
20 2 7 3 
10 4 3 22 
19 15 22 20 
1 9 20 0 
1 13 0 8 
11 19 8 4 
18 3 4 14 
15 3 14 3 
7 3 3 2 
7 21 2 16 
21 20 16 16 
3 3 16 15 
6 6 15 18 
6 11 18 6 
2 20 6 18 
20 6 18 8 
10 20 8 16 
4 10 16 3 
7 19 3 11 
17 1 11 0 
9 1 0 10 
2 11 10 18 
22 18 18 2 
8 15 2 19 
15 7 19 11 
19 7 11 18 
6 21 18 19 
14 3 19 7 
20 6 7 16 
12 6 16 18 
14 2 18 14 
19 20 14 10 
16 10 10 19 
2 4 19 22 
11 7 22 20 
17 17 20 0 
13 9 0 21 
21 2 21 3 
22 22 3 21 
15 8 21 10 
14 15 10 12 
4 19 12 16 
7 6 16 16 
21 14 16 8 
2 20 8 22 
15 12 22 14 
19 14 14 8 
10 19 8 6 
20 16 6 18 
2 2 18 8 
3 11 8 2 
17 17 2 0 
1 13 0 6 
20 21 6 10 
8 22 10 12 
4 15 12 21 
12 14 21 19 
7 4 19 16 
19 7 16 14 
21 21 14 22 
21 2 22 6 
8 15 6 8 
7 19 8 21 
12 10 21 14 
20 20 14 20 
6 2 20 22 
11 3 22 16 
13 17 16 0 
13 1 0 6 
15 20 6 12 
14 8 12 2 
4 4 2 11 
7 12 11 12 
2 7 12 3 
21 19 3 10 
16 21 10 19 
8 21 19 4 
4 8 4 22 
16 7 22 18 
19 12 18 2 
12 20 2 16 
10 6 16 20 
16 11 20 8 
17 13 8 0 
9 13 0 19 
20 15 19 21 
14 14 21 7 
7 4 7 18 
18 7 18 20 
2 2 20 21 
3 21 21 22 
20 16 22 22 
10 8 22 15 
10 4 15 18 
22 16 18 4 
22 19 4 18 
6 12 18 6 
4 10 6 15 
3 16 15 7 
13 17 7 0 
17 9 0 8 
7 20 8 15 
15 14 15 20 
19 7 20 4 
7 18 4 12 
6 2 12 14 
21 3 14 16 
10 20 16 3 
2 10 3 10 
12 10 10 15 
15 22 15 21 
22 22 21 8 
12 6 8 16 
2 4 16 20 
19 3 20 10 
1 13 10 0 
0 17 0 9 
0 7 9 9 
0 15 9 9 
0 19 9 5 
0 7 5 1 
0 6 1 1 
0 21 1 9 
0 10 9 1 
0 2 1 1 
0 12 1 9 
0 15 9 17 
0 22 17 13 
0 12 13 9 
0 2 9 17 
0 19 17 5 
0 1 5 0 