10
9
1 0 0 1 
10 0 1 4 
5 0 4 4 
12 0 4 3 
8 0 3 3 
8 0 1 1 
6 0 4 4 
11 0 3 2 
1 0 2 0 
3 1 0 11 
9 10 11 10 
5 5 11 13 
13 12 13 11 
12 8 11 13 
11 8 13 10 
12 6 10 12 
12 11 12 10 
2 1 10 0 
3 3 0 13 
9 9 13 7 
10 5 9 6 
7 13 6 10 
7 12 10 10 
13 9 10 9 
10 12 9 6 
8 7 6 13 
4 2 13 0 
3 3 0 9 
6 9 9 9 
12 5 5 8 
11 7 8 5 
6 7 5 9 
8 13 9 12 
9 10 9 5 
12 8 5 12 
1 4 12 0 
1 3 0 10 
8 6 10 10 
11 12 10 5 
7 11 5 13 
8 6 13 5 
6 8 5 8 
6 9 8 9 
7 12 9 7 
4 1 7 0 
2 1 0 13 
7 8 13 13 
12 11 13 6 
9 7 6 6 
8 8 6 10 
13 6 10 11 
7 6 11 12 
10 7 12 13 
4 4 13 0 
3 2 0 5 
8 7 5 6 
10 12 6 5 
6 9 5 5 
7 8 5 6 
11 13 6 11 
12 7 11 5 
11 10 5 11 
1 4 11 0 
4 3 0 8 
5 8 8 8 
5 10 8 8 
12 6 8 6 
9 7 6 11 
7 11 11 7 
7 12 7 13 
7 11 13 9 
2 1 9 0 
0 4 0 1 
0 5 1 4 
0 5 4 2 
0 12 2 2 
0 9 2 2 
0 7 2 3 
0 7 3 3 
0 7 3 2 
0 2 2 0 